


































                              
                              
                              
                              
                              


                                    9  9  9  9
                                                           
                                    
        
                              
            
                 
                 9  9  9  9                              9  9  9  9
      
1 2                                                               






9  9  9  9  9  9  9  9  9  9  9  9  9  9  9  9  9  9  9  9  9  9  9  9  9  99